0 0
1 1
5 2
6 3
11 4
12 5
14 6
16 7
18 8
19 9
22 10
24 11
27 12
29 13
31 14
32 15
34 16
36 17
37 18
40 19
41 20
42 21
43 22
48 23
49 24
50 25
55 26
56 27
59 28
60 29
68 30
69 31
70 32
75 33
77 34
78 35
79 36
80 37
83 38
84 39
86 40
87 41
88 42
93 43
97 44
99 45
103 46
104 47
107 48
108 49
109 50
115 51
116 52
123 53
124 54
125 55
126 56
127 57
130 58
132 59
133 60
134 61
140 62
142 63
143 64
147 65
148 66
149 67
151 68
152 69
153 70
159 71
161 72
162 73
164 74
166 75
167 76
169 77
172 78
174 79
177 80
180 81
182 82
183 83
188 84
189 85
192 86
193 87
197 88
199 89
201 90
204 91
205 92
206 93
208 94
209 95
212 96
214 97
217 98
218 99
219 100
220 101
221 102
223 103
224 104
225 105
227 106
229 107
230 108
232 109
233 110
234 111
235 112
240 113
242 114
243 115
244 116
245 117
246 118
247 119
248 120
249 121
250 122
251 123
252 124
253 125
254 126
255 127
256 128
258 129
261 130
262 131
264 132
269 133
273 134
275 135
277 136
278 137
280 138
282 139
283 140
285 141
286 142
289 143
291 144
292 145
294 146
298 147
299 148
301 149
302 150
304 151
305 152
306 153
307 154
308 155
313 156
315 157
316 158
317 159
318 160
321 161
322 162
323 163
325 164
326 165
327 166
330 167
331 168
334 169
336 170
337 171
339 172
340 173
346 174
348 175
349 176
350 177
356 178
358 179
360 180
364 181
365 182
367 183
369 184
371 185
373 186
378 187
379 188
380 189
382 190
383 191
387 192
389 193
390 194
391 195
393 196
394 197
398 198
399 199
